KPR1
[-3,  -2.728,  -2.455,  -2.182,  -1.909,  -1.637,  -1.364,  -1.091, -0.8183, -0.5455, -0.2728,]

KPR-LS
(en puntos específicos)
[-6.693,  -6.021,  -5.349,  -4.677,  -4.005,  -3.333,  -2.661,  -1.989,  -1.317, -0.6451, 0.02693,]

KPR-SS
[-2.193,    -1.93,   -1.667,   -1.404,   -1.141,  -0.8784,  -0.6156,  -0.3527, -0.08977,   0.1731,    0.436,]

KPR-IR
(menos de 30 s)
[-5.626,  -5.115,  -4.603,  -4.092,   -3.58,  -3.069,  -2.558,  -2.046,  -1.535,  -1.023, -0.5119,]

KPR-LS-IFF

KPR-NF 
(todos)
[-10.65,  -9.646,  -8.642,  -7.638,  -6.634,  -5.629,  -4.625,  -3.621,  -2.617,  -1.613, -0.6084,]
(entre 25 y 45 segundos)
[-4.625,  -3.621,  -2.617,  -1.613, -0.6084, -1.613, -2.617, -3.621, -4.625, -5.629, -6.634, -7.638, -8.642, -9.646, -10.65, -9.646,  -8.642,  -7.638,  -6.634,  -5.629,  -4.625,  -3.621,  -2.617,  -1.613, -0.6084 ]


KPR-NF2


KPR-SAC
(entre 15 y 28 segundos)
[-4.749,  -4.318,  -3.887,  -3.456,  -3.024,  -2.593,  -2.162,  -1.731,  -1.299,  -0.868, -0.4367,]

ZU
(hasta 30 segundos)
[-4.632,  -4.211,   -3.79,  -3.369,  -2.948,  -2.527,  -2.106,  -1.685,  -1.264, -0.8427, -0.4216,]

KPZU
[-0.6646,   -0.5989,   -0.5332,   -0.4675,   -0.4018,   -0.3361,   -0.2704,   -0.2047,    -0.139,  -0.07335, -0.007662,]

KPC
[-0.5294,  -0.4812,  -0.4331,   -0.385,  -0.3368,  -0.2887,  -0.2406,  -0.1924,  -0.1443, -0.09617, -0.04804,]



