OCCUPANCY
[0.01926,  0.1084,  0.1976,  0.2867,  0.3759,   0.465,  0.5542,  0.6434,  0.7325,  0.8217,  0.9108,]

KPR1
[0.009999,      0.1,     0.19,     0.28,     0.37,     0.46,     0.55,     0.64,     0.73,     0.82,     0.91,]

KPR-LS 
(entre 25 y 60s)
[2.946e-06,   0.09616,    0.1923,  0.09616, 2.946e-06,  0.09616,    0.1923,  0.2885,    0.3846,    0.4808,     0.577,    0.6731,    0.7693,    0.8654,    0.9616,]

KPR-SS 
[0.01539,  0.1049,  0.1944,  0.2839,  0.3734,  0.4629,  0.5524,   0.642,  0.7315,   0.821,  0.9105,]

KPR-IR
(cualquier tiempo desde 5s)
[0.0009341,   0.09176,    0.1826,    0.2734,    0.3642,    0.4551,    0.5459,    0.6367,    0.7275,    0.8183,    0.9092,]

KPR-LS-IFF
(menos de 20s)
[0.000836,   0.4559,   0.9109,    1.366,    1.821,    2.276,    2.731,    3.186,    3.641,    4.096,    4.551, 4.096, 3.641, 3.186, 2.731, 2.276, 1.821, 1.366, 0.9109, 0.4559, 0.000836]

KPR-NF 
(entre 40 y 50 segundos)
[6.473e-08,    0.2286,    0.4573,    0.6859,    0.9145,     1.143,     1.372,       1.6,     1.829,     2.058,     2.286, 2.058, 1.829, 1.6, 1.372, 1.143, 0.9145, 0.6859, 0.4573, 0.2286, 6.473e-08, 0.2286,    0.4573,    0.6859,    0.9145]

KPR-NF2
(entre 40 y 50 segundos)
[3.008e-07,    0.5307,     1.061,     1.592,     2.123,     2.653,     3.184,     3.715,     4.245,     4.776,     5.307, 4.776, 4.245, 3.715, 3.184, 2.653, 2.123, 1.592, 1.061, 0.5307, 3.008e-07, 0.5307]

KPR-SAC
[0.007111,  0.09737,   0.1876,   0.2779,   0.3682,   0.4584,   0.5487,   0.6389,   0.7292,   0.8195,   0.9097,]

ZU
(tiempo mayor a 80s)
[5.028e-08,      0.17,      0.34,    0.5101,    0.6801,    0.8501,      1.02,      1.19,      1.36,      1.53,       1.7,]

KPZU
[6.188e-08, 0.4099, 0.8198, 1.23, 1.64, 2.05, 2.459, 2.869, 3.279, 3.689, 4.099,]
(a partir de 600s)
[6.188e-08,    0.4099,    0.8198,      1.23,      1.64,      2.05,     2.459,     2.869,     3.279,     3.689,     4.099, 3.689, 3.279, 2.869, 2.459, 2.05, 1.64]

KPC
(de 10s para arriba)
[1.395,     1.86,    2.325,     2.79, 2.325, 1.86, 1.395, 0.93, 0.465, 2.38e-06]

ST
[4.551, 4.096, 3.641, 3.186, 2.731, 2.276, 1.821, 1.366, 0.9109, 0.4559, 0.000836]


