OCCUPANCY
 [2.496e-05,   0.09041,    0.1808,    0.2712,    0.3616,     0.452,    0.5423,    0.6327,    0.7231,    0.8135,    0.9039,]

KPR1 (TODAS)
[0, 0.09082,  0.1816,  0.2725,  0.3633,  0.4541,  0.5449,  0.6357,  0.7265,  0.8174,  0.9082,]
(tiempo 10 a 100s)
[0.5449,  0.6357,  0.7265,  0.8174,  0.9082]

KPR-LS (tiempo de 75s a 100s)
[2.653, 2.388, 2.123, 1.857, 1.592, 1.327, 1.061, 0.7961, 0.5308, 0.2655, 0.0001978, 0.2655, 0.5308, 0.7961]


KPR-SS (todas)
[2.526e-07,    0.1809,    0.3617,    0.5426,    0.7235,    0.9043,     1.085,     1.266,     1.447,     1.628,     1.809,]
(tiempo 10 a 100s)
[1.809, 1.628, 1.447, 1.266, 1.085, 0.9043, 0.7235, 0.5426, 0.3617, 0.1809, 2.526e-07, 0.1809,  0.3617, 0.5426, 0.7235, 0.5426, 0.3617, 0.1809, 2.526e-07]

KPR-IR
(cualquier tiempo desde 5s)
[2.546e-05,   0.06589,    0.1318,    0.1976,    0.2635,    0.3293,    0.3952,    0.4611,    0.5269,    0.5928,    0.6587,]

KPR-LS-IFF
(Todas)
[5.364e-07,   0.05513,    0.1103,    0.1654,    0.2205,    0.2756,    0.3308,    0.3859,     0.441,    0.4961,    0.5513,]
(tiempo 60s a 100s)
[0.5513, 0.4961, 0.441, 0.3859, 0.3308, 0.2756, 0.2205, 0.1654, 0.1103, 0.05513, 5.364e-07, 0.05513,    0.1103,    0.1654,    0.2205,    0.2756,    0.3308,    0.3859,     0.441,    0.4961,    0.5513, 0.2756,    0.3308,    0.3859,     0.441,    0.4961]

KPR-NF (escala logarítmica)
(tiempo mayor a 100s)
[-1.17, -0.6354, -0.1003,  0.4348, 0.97, 0.4348, -0.1003, -0.6354, -1.17, -1.706]

KPR-NF2 (escala logarítmica)
(tiempo mayor a 100s)
[-1.236, -0.7088, -0.1818,  0.3453,  0.8723, 0.8723, 0.3453, 
-0.1818, -0.7088, -1.236, -1.763]

KPR-SAC
[2.324, 2.091, 1.859, 1.627, 1.395, 1.162, 0.9299, 0.6976, 0.4653, 0.233, 0.0006523]

ZU
(tiempo ~24s)
[0.004346, 0.003912, 0.003477, 0.003042, 0.002608, 0.002173, 0.001739, 0.001304, 0.0008694, 0.0004348, 2.229e-07]

KPZU
[2.432, 2.189, 1.946, 1.703, 1.459, 1.216, 0.973, 0.7298, 0.4865, 0.2433, 2.538e-05]

KPC
[0.6576, 0.5918, 0.5261, 0.4603, 0.3946, 0.3288, 0.263, 0.1973, 0.1315, 0.06578, 2.533e-05]

ST
(tiempo ~21s)
[0.01094,  0.1009,  0.1908,  0.2807,  0.3706,  0.4606,  0.5505,  0.6404,  0.7304,  0.8203,  0.9102,]


