NF1 R to b
within [80, 200]
[0.2578,  0.8447,   1.432,  0.8447, 0.2578, -0.3292, -0.9162, -1.503, -2.09, -2.677, -3.264, -3.851, -4.438]

NF2 R to b
within [80, 200]
[0.1518,  0.7364,   1.321, 0.7364, 0.1518, -0.4329, -1.018, -1.602, -2.187, -2.772, -3.356, -3.941, -4.525]

NF1 to gamma
within [15, 200]
[-0.3606,  0.4346, -0.3606, -1.156, -1.951, -2.746, -3.542]
Todos
[-7.518,  -6.723,  -5.927,  -5.132,  -4.337,  -3.542,  -2.746,  -1.951,  -1.156, -0.3606,  0.4346,]

NF2 to gamma
within [15, 200]
[-0.4585,  0.3304, -0.4585, -1.247, -2.036, -2.825, -3.614]
todos
[-7.559,   -6.77,  -5.981,  -5.192,  -4.403,  -3.614,  -2.825,  -2.036,  -1.247, -0.4585,  0.3304,]

NF SHP-1 to Koff
within [90, 200]
[-2.93, -3.678, -4.427, -5.175, -5.923, -6.671,  -5.923,  -5.175,  -4.427,  -3.678,   -2.93,  -2.182,  -1.434, -0.6853,   0.063,  0.8113, 0.063, -0.6853]
todos
[-6.671,  -5.923,  -5.175,  -4.427,  -3.678,   -2.93,  -2.182,  -1.434, -0.6853,   0.063,  0.8113,]


NF SHP-1 to b
within [110, 200]
[-3.917, -4.697, -5.477, -6.257, -5.477,   -4.697,   -3.917,   -3.136,   -2.356,   -1.576,   -0.796, -0.01591,   0.7642,    1.544, 0.7642, -0.01591, -0.796, -1.576, -2.356, -3.136, -3.917 ]
todos
[1.544, 0.7642, -0.01591, -0.796, -1.576, -2.356, -3.136, -3.917, -4.697, -5.477, -6.257]

NF SHP-1 to gamma
within [30, 50]
[-0.1747, -1.052, -0.1747, 0.7029, -0.1747, -1.052, -1.93, -2.807]
todos
[-8.073,  -7.195,  -6.318,   -5.44,  -4.563,  -3.685,  -2.807,   -1.93,  -1.052, -0.1747,  0.7029,]


